2.301230907440185547e+00
2.301106452941894531e+00
2.300788402557373047e+00
2.300042390823364258e+00
2.297090530395507812e+00
2.229303836822509766e+00
2.151515960693359375e+00
2.130558490753173828e+00
2.097331285476684570e+00
1.985839009284973145e+00
1.913080573081970215e+00
1.862065434455871582e+00
1.831699967384338379e+00
1.816588759422302246e+00
1.808400154113769531e+00
1.768895745277404785e+00
1.749639630317687988e+00
1.738499641418457031e+00
1.732122182846069336e+00
1.727637052536010742e+00
1.719692230224609375e+00
1.717148780822753906e+00
1.712158083915710449e+00
1.709949970245361328e+00
1.707159042358398438e+00
1.705248475074768066e+00
1.704041600227355957e+00
1.704204559326171875e+00
1.700833439826965332e+00
1.698686242103576660e+00
1.697546601295471191e+00
1.696951866149902344e+00
1.696120977401733398e+00
1.694928169250488281e+00
1.692625284194946289e+00
1.692175984382629395e+00
1.690944433212280273e+00
1.690713763236999512e+00
1.689462780952453613e+00
1.688357949256896973e+00
1.688016295433044434e+00
1.687004566192626953e+00
1.688006997108459473e+00
1.687391281127929688e+00
1.684830427169799805e+00
1.684291362762451172e+00
1.683155298233032227e+00
1.682419896125793457e+00
1.682469725608825684e+00
1.680979967117309570e+00
1.680957078933715820e+00
1.679640412330627441e+00
1.679094076156616211e+00
1.678735256195068359e+00
1.679299712181091309e+00
1.677881598472595215e+00
1.677368640899658203e+00
1.679159879684448242e+00
1.676602482795715332e+00
1.677194714546203613e+00
1.675701737403869629e+00
1.675778627395629883e+00
1.675228953361511230e+00
1.674648761749267578e+00
1.673846840858459473e+00
1.673531532287597656e+00
1.673049092292785645e+00
1.673569560050964355e+00
1.672354698181152344e+00
1.671503067016601562e+00
1.671416282653808594e+00
1.670910596847534180e+00
1.671032309532165527e+00
1.672704339027404785e+00
1.670337200164794922e+00
1.669624567031860352e+00
1.669874072074890137e+00
1.669046878814697266e+00
1.668532848358154297e+00
1.668333649635314941e+00
1.668792486190795898e+00
1.668648481369018555e+00
1.667605757713317871e+00
1.667959094047546387e+00
1.666729688644409180e+00
1.666466116905212402e+00
1.666235923767089844e+00
1.666334033012390137e+00
1.666480660438537598e+00
1.665883779525756836e+00
1.665171742439270020e+00
1.665708780288696289e+00
1.664906859397888184e+00
1.665414690971374512e+00
1.664923906326293945e+00
1.664182186126708984e+00
1.663729548454284668e+00
1.664433956146240234e+00
1.663165569305419922e+00
1.662983179092407227e+00
