1.789164423942565918e+00
1.749465584754943848e+00
1.736148118972778320e+00
1.727023124694824219e+00
1.722689390182495117e+00
1.719925045967102051e+00
1.715451598167419434e+00
1.714553236961364746e+00
1.712499260902404785e+00
1.711034059524536133e+00
1.709785342216491699e+00
1.707847833633422852e+00
1.707701086997985840e+00
1.705641269683837891e+00
1.705769538879394531e+00
1.704578161239624023e+00
1.703791975975036621e+00
1.703043460845947266e+00
1.704059004783630371e+00
1.702382802963256836e+00
1.701105952262878418e+00
1.700703144073486328e+00
1.700461745262145996e+00
1.700370788574218750e+00
1.699815630912780762e+00
1.698955893516540527e+00
1.698517322540283203e+00
1.697861075401306152e+00
1.698429703712463379e+00
1.697208404541015625e+00
1.697423338890075684e+00
1.696395754814147949e+00
1.696795344352722168e+00
1.696143388748168945e+00
1.695161700248718262e+00
1.694889903068542480e+00
1.694426536560058594e+00
1.646813750267028809e+00
1.638919711112976074e+00
1.634368777275085449e+00
1.631759047508239746e+00
1.631874084472656250e+00
1.628856539726257324e+00
1.628155112266540527e+00
1.626120805740356445e+00
1.625844120979309082e+00
1.624548435211181641e+00
1.624619007110595703e+00
1.623846888542175293e+00
1.622372150421142578e+00
1.622244954109191895e+00
1.620897769927978516e+00
1.619905948638916016e+00
1.619226574897766113e+00
1.619414091110229492e+00
1.618533730506896973e+00
1.617727160453796387e+00
1.617214322090148926e+00
1.616872549057006836e+00
1.615999102592468262e+00
1.615732789039611816e+00
1.614970922470092773e+00
1.614313125610351562e+00
1.616990327835083008e+00
1.613750815391540527e+00
1.612870931625366211e+00
1.612644791603088379e+00
1.611920475959777832e+00
1.611315011978149414e+00
1.610792160034179688e+00
1.610527396202087402e+00
1.609836816787719727e+00
1.609783887863159180e+00
1.609387636184692383e+00
1.608468294143676758e+00
1.608484268188476562e+00
1.607722997665405273e+00
1.607557773590087891e+00
1.607128143310546875e+00
1.606445312500000000e+00
1.605982542037963867e+00
1.605833411216735840e+00
1.605843305587768555e+00
1.604705572128295898e+00
1.604690313339233398e+00
1.603872776031494141e+00
1.603525996208190918e+00
1.603220343589782715e+00
1.602952361106872559e+00
1.602917909622192383e+00
1.602203726768493652e+00
1.601833224296569824e+00
1.601972699165344238e+00
1.601428270339965820e+00
1.601135969161987305e+00
1.600892782211303711e+00
1.600383639335632324e+00
1.599974870681762695e+00
1.599844098091125488e+00
1.599333167076110840e+00
