7.180600166320800781e-01
7.326999902725219727e-01
7.402799725532531738e-01
7.443400025367736816e-01
7.469599843025207520e-01
7.489200234413146973e-01
7.521399855613708496e-01
7.526999711990356445e-01
7.534800171852111816e-01
7.552000284194946289e-01
7.557399868965148926e-01
7.580000162124633789e-01
7.568799853324890137e-01
7.593399882316589355e-01
7.586200237274169922e-01
7.597399950027465820e-01
7.608199715614318848e-01
7.612599730491638184e-01
7.602400183677673340e-01
7.617599964141845703e-01
7.626399993896484375e-01
7.636200189590454102e-01
7.635800242424011230e-01
7.638199925422668457e-01
7.644199728965759277e-01
7.649199962615966797e-01
7.653200030326843262e-01
7.659000158309936523e-01
7.654399871826171875e-01
7.659599781036376953e-01
7.663199901580810547e-01
7.670599818229675293e-01
7.664600014686584473e-01
7.673599720001220703e-01
7.683799862861633301e-01
7.683200240135192871e-01
7.688400149345397949e-01
8.227999806404113770e-01
8.298000097274780273e-01
8.328400254249572754e-01
8.356999754905700684e-01
8.344399929046630859e-01
8.378199934959411621e-01
8.379399776458740234e-01
8.402400016784667969e-01
8.403000235557556152e-01
8.412799835205078125e-01
8.407999873161315918e-01
8.415399789810180664e-01
8.433600068092346191e-01
8.439199924468994141e-01
8.445199728012084961e-01
8.456000089645385742e-01
8.461199998855590820e-01
8.457999825477600098e-01
8.468199968338012695e-01
8.479400277137756348e-01
8.482000231742858887e-01
8.482400178909301758e-01
8.490200042724609375e-01
8.496999740600585938e-01
8.504800200462341309e-01
8.509200215339660645e-01
8.478199839591979980e-01
8.518400192260742188e-01
8.522999882698059082e-01
8.525800108909606934e-01
8.533599972724914551e-01
8.533800244331359863e-01
8.539999723434448242e-01
8.539400100708007812e-01
8.548399806022644043e-01
8.547800183296203613e-01
8.555600047111511230e-01
8.561800122261047363e-01
8.560799956321716309e-01
8.568599820137023926e-01
8.573799729347229004e-01
8.578000068664550781e-01
8.582000136375427246e-01
8.589199781417846680e-01
8.588600158691406250e-01
8.590199947357177734e-01
8.599399924278259277e-01
8.601199984550476074e-01
8.605399727821350098e-01
8.611000180244445801e-01
8.613799810409545898e-01
8.613200187683105469e-01
8.613399863243103027e-01
8.623399734497070312e-01
8.620799779891967773e-01
8.623800277709960938e-01
8.630800247192382812e-01
8.630999922752380371e-01
8.633599877357482910e-01
8.637400269508361816e-01
8.640800118446350098e-01
8.641600012779235840e-01
8.646600246429443359e-01
