2.064400017261505127e-01
4.713599979877471924e-01
5.744400024414062500e-01
5.864599943161010742e-01
6.489999890327453613e-01
7.080199718475341797e-01
7.320200204849243164e-01
7.457000017166137695e-01
7.516999840736389160e-01
7.559800148010253906e-01
7.586399912834167480e-01
8.174999952316284180e-01
8.313599824905395508e-01
8.369799852371215820e-01
8.395000100135803223e-01
8.408600091934204102e-01
8.444200158119201660e-01
8.471999764442443848e-01
8.481400012969970703e-01
8.494399785995483398e-01
8.511999845504760742e-01
8.522400259971618652e-01
8.540199995040893555e-01
8.547800183296203613e-01
8.558400273323059082e-01
8.574399948120117188e-01
9.023000001907348633e-01
9.147999882698059082e-01
9.193999767303466797e-01
9.235000014305114746e-01
9.254199862480163574e-01
9.286000132560729980e-01
9.304400086402893066e-01
9.324399828910827637e-01
9.347000122070312500e-01
9.369199872016906738e-01
9.383000135421752930e-01
9.379199743270874023e-01
9.402400255203247070e-01
9.412199854850769043e-01
9.426000118255615234e-01
9.426199793815612793e-01
9.453600049018859863e-01
9.444599747657775879e-01
9.462400078773498535e-01
9.471200108528137207e-01
9.486600160598754883e-01
9.478200078010559082e-01
9.492999911308288574e-01
9.506599903106689453e-01
9.514799714088439941e-01
9.525600075721740723e-01
9.536399841308593750e-01
9.540799856185913086e-01
9.549999833106994629e-01
9.556800127029418945e-01
9.563999772071838379e-01
9.565399885177612305e-01
9.574199914932250977e-01
9.585800170898437500e-01
9.599400162696838379e-01
9.603999853134155273e-01
9.611200094223022461e-01
9.612200260162353516e-01
9.624400138854980469e-01
9.628599882125854492e-01
9.631400108337402344e-01
9.640799760818481445e-01
9.645400047302246094e-01
9.652400016784667969e-01
9.650800228118896484e-01
9.664199948310852051e-01
9.665600061416625977e-01
9.670199751853942871e-01
9.674599766731262207e-01
9.673200249671936035e-01
9.681599736213684082e-01
9.686400294303894043e-01
9.690999984741210938e-01
9.693800210952758789e-01
9.697999954223632812e-01
9.701399803161621094e-01
9.708200097084045410e-01
9.711999893188476562e-01
9.718199968338012695e-01
9.721000194549560547e-01
9.719399809837341309e-01
9.725599884986877441e-01
9.731199741363525391e-01
9.733800292015075684e-01
9.739999771118164062e-01
9.744600057601928711e-01
9.743199944496154785e-01
9.740999937057495117e-01
9.749799966812133789e-01
9.752399921417236328e-01
9.758399724960327148e-01
9.761999845504760742e-01
9.764999747276306152e-01
9.769999980926513672e-01
