1.123600006103515625e-01
1.123600006103515625e-01
1.123600006103515625e-01
1.123600006103515625e-01
1.123600006103515625e-01
2.097399979829788208e-01
2.746399939060211182e-01
2.951999902725219727e-01
3.819400072097778320e-01
5.071799755096435547e-01
5.720599889755249023e-01
6.300600171089172363e-01
6.492000222206115723e-01
6.568999886512756348e-01
6.605200171470642090e-01
7.095199823379516602e-01
7.259799838066101074e-01
7.342399954795837402e-01
7.391600012779235840e-01
7.418400049209594727e-01
7.477200031280517578e-01
7.492200136184692383e-01
7.534599900245666504e-01
7.554600238800048828e-01
7.568399906158447266e-01
7.588000297546386719e-01
7.608199715614318848e-01
7.590000033378601074e-01
7.630000114440917969e-01
7.646399736404418945e-01
7.657200098037719727e-01
7.663999795913696289e-01
7.667000293731689453e-01
7.680000066757202148e-01
7.699999809265136719e-01
7.701600193977355957e-01
7.720599770545959473e-01
7.718399763107299805e-01
7.731400132179260254e-01
7.735599875450134277e-01
7.745599746704101562e-01
7.750800251960754395e-01
7.745400071144104004e-01
7.748600244522094727e-01
7.776600122451782227e-01
7.776200175285339355e-01
7.791200280189514160e-01
7.793800234794616699e-01
7.793599963188171387e-01
7.811800241470336914e-01
7.811200022697448730e-01
7.821000218391418457e-01
7.825400233268737793e-01
7.827000021934509277e-01
7.824599742889404297e-01
7.840200066566467285e-01
7.839400172233581543e-01
7.827200293540954590e-01
7.850000262260437012e-01
7.842800021171569824e-01
7.857400178909301758e-01
7.854800224304199219e-01
7.858999967575073242e-01
7.863799929618835449e-01
7.873200178146362305e-01
7.876399755477905273e-01
7.880799770355224609e-01
7.875999808311462402e-01
7.886999845504760742e-01
7.896599769592285156e-01
7.896000146865844727e-01
7.898399829864501953e-01
7.899000048637390137e-01
7.884799838066101074e-01
7.904800176620483398e-01
7.909799814224243164e-01
7.908400297164916992e-01
7.915999889373779297e-01
7.918800115585327148e-01
7.921000123023986816e-01
7.920600175857543945e-01
7.918599843978881836e-01
7.928599715232849121e-01
7.927600145339965820e-01
7.936199903488159180e-01
7.935799956321716309e-01
7.941600084304809570e-01
7.938399910926818848e-01
7.939400076866149902e-01
7.943400144577026367e-01
7.950599789619445801e-01
7.946400046348571777e-01
7.953600287437438965e-01
7.950999736785888672e-01
7.955399751663208008e-01
7.961199879646301270e-01
7.961599826812744141e-01
7.958999872207641602e-01
7.968000173568725586e-01
7.968400120735168457e-01
