2.239807367324829102e+00
2.029581308364868164e+00
1.917534351348876953e+00
1.880892395973205566e+00
1.829333305358886719e+00
1.777247071266174316e+00
1.745106101036071777e+00
1.726220488548278809e+00
1.716166853904724121e+00
1.710565447807312012e+00
1.706237554550170898e+00
1.670037865638732910e+00
1.645011544227600098e+00
1.636524081230163574e+00
1.631959676742553711e+00
1.628671526908874512e+00
1.624403715133666992e+00
1.621523737907409668e+00
1.619917035102844238e+00
1.618079066276550293e+00
1.616090178489685059e+00
1.614130616188049316e+00
1.612467646598815918e+00
1.611338496208190918e+00
1.609999656677246094e+00
1.608281612396240234e+00
1.573979496955871582e+00
1.559197783470153809e+00
1.552765369415283203e+00
1.548193454742431641e+00
1.545378446578979492e+00
1.541893720626831055e+00
1.539516925811767578e+00
1.537131071090698242e+00
1.534545898437500000e+00
1.532980322837829590e+00
1.531354546546936035e+00
1.530000805854797363e+00
1.528203487396240234e+00
1.526740193367004395e+00
1.525563716888427734e+00
1.524827003479003906e+00
1.522706508636474609e+00
1.523203492164611816e+00
1.521174788475036621e+00
1.520099878311157227e+00
1.518306136131286621e+00
1.518920779228210449e+00
1.517101526260375977e+00
1.515869259834289551e+00
1.514717340469360352e+00
1.513811230659484863e+00
1.512872457504272461e+00
1.512188434600830078e+00
1.511335968971252441e+00
1.510820627212524414e+00
1.509750723838806152e+00
1.509436249732971191e+00
1.508654475212097168e+00
1.507629275321960449e+00
1.506515741348266602e+00
1.505954980850219727e+00
1.505153775215148926e+00
1.504575133323669434e+00
1.503677129745483398e+00
1.502993702888488770e+00
1.502882957458496094e+00
1.501749992370605469e+00
1.501364111900329590e+00
1.500638484954833984e+00
1.500600337982177734e+00
1.499434590339660645e+00
1.499013066291809082e+00
1.498596549034118652e+00
1.498102545738220215e+00
1.498326897621154785e+00
1.497234702110290527e+00
1.496804118156433105e+00
1.496467471122741699e+00
1.496203899383544922e+00
1.495574712753295898e+00
1.495478749275207520e+00
1.494487047195434570e+00
1.494035124778747559e+00
1.493485450744628906e+00
1.493079662322998047e+00
1.493262171745300293e+00
1.492626667022705078e+00
1.492107152938842773e+00
1.491670966148376465e+00
1.491037130355834961e+00
1.490681529045104980e+00
1.490843772888183594e+00
1.491577506065368652e+00
1.490010976791381836e+00
1.489876985549926758e+00
1.489114403724670410e+00
1.488663077354431152e+00
1.488312244415283203e+00
1.487950325012207031e+00
