1.575859427452087402e+00
1.551662206649780273e+00
1.539578795433044434e+00
1.527974843978881836e+00
1.523113012313842773e+00
1.516641616821289062e+00
1.512590289115905762e+00
1.509613394737243652e+00
1.505837202072143555e+00
1.502774119377136230e+00
1.500197052955627441e+00
1.497532010078430176e+00
1.495398759841918945e+00
1.493746995925903320e+00
1.491970896720886230e+00
1.490506529808044434e+00
1.488598227500915527e+00
1.487660288810729980e+00
1.486094474792480469e+00
1.485695958137512207e+00
1.484253644943237305e+00
1.483259081840515137e+00
1.482622981071472168e+00
1.481802821159362793e+00
1.481095433235168457e+00
1.480228781700134277e+00
1.479400038719177246e+00
1.479219317436218262e+00
1.478374958038330078e+00
1.477729201316833496e+00
1.477340936660766602e+00
1.476694583892822266e+00
1.476444721221923828e+00
1.475922465324401855e+00
1.475565791130065918e+00
1.475101351737976074e+00
1.474774241447448730e+00
1.474470257759094238e+00
1.474219083786010742e+00
1.474014997482299805e+00
1.473551511764526367e+00
1.473255038261413574e+00
1.473006606101989746e+00
1.472732067108154297e+00
1.472512483596801758e+00
1.472365498542785645e+00
1.472146034240722656e+00
1.471985936164855957e+00
1.471714973449707031e+00
1.471840977668762207e+00
1.471490144729614258e+00
1.471282958984375000e+00
1.471184968948364258e+00
1.471154689788818359e+00
1.470955729484558105e+00
1.470925211906433105e+00
1.470698118209838867e+00
1.470537185668945312e+00
1.470445036888122559e+00
1.470367074012756348e+00
1.470244646072387695e+00
1.470139861106872559e+00
1.470044374465942383e+00
1.469963073730468750e+00
1.470012187957763672e+00
1.469919085502624512e+00
1.469729661941528320e+00
1.469635009765625000e+00
1.469575643539428711e+00
1.469528794288635254e+00
1.469444990158081055e+00
1.469407677650451660e+00
1.469327449798583984e+00
1.469211101531982422e+00
1.469177842140197754e+00
1.469166874885559082e+00
1.469035625457763672e+00
1.468983769416809082e+00
1.468916773796081543e+00
1.468852758407592773e+00
1.468800425529479980e+00
1.468792200088500977e+00
1.468698740005493164e+00
1.468650937080383301e+00
1.468634009361267090e+00
1.468581914901733398e+00
1.468503117561340332e+00
1.468436598777770996e+00
1.468440294265747070e+00
1.468373298645019531e+00
1.468329548835754395e+00
1.468275308609008789e+00
1.468241214752197266e+00
1.468210935592651367e+00
1.468173742294311523e+00
1.468139171600341797e+00
1.468097209930419922e+00
1.468064665794372559e+00
1.468031287193298340e+00
1.468004941940307617e+00
