9.078000187873840332e-01
9.225400090217590332e-01
9.327800273895263672e-01
9.423000216484069824e-01
9.462199807167053223e-01
9.522200226783752441e-01
9.558399915695190430e-01
9.590399861335754395e-01
9.618399739265441895e-01
9.646199941635131836e-01
9.673399925231933594e-01
9.697200059890747070e-01
9.718199968338012695e-01
9.731600284576416016e-01
9.750400185585021973e-01
9.764000177383422852e-01
9.776600003242492676e-01
9.783999919891357422e-01
9.799200296401977539e-01
9.803400039672851562e-01
9.813399910926818848e-01
9.821000099182128906e-01
9.826800227165222168e-01
9.835000038146972656e-01
9.842000007629394531e-01
9.849799871444702148e-01
9.854800105094909668e-01
9.858800172805786133e-01
9.865000247955322266e-01
9.869199991226196289e-01
9.872400164604187012e-01
9.875800013542175293e-01
9.879199862480163574e-01
9.884600043296813965e-01
9.885600209236145020e-01
9.888600111007690430e-01
9.891800284385681152e-01
9.894599914550781250e-01
9.895799756050109863e-01
9.897999763488769531e-01
9.900199770927429199e-01
9.901400208473205566e-01
9.902999997138977051e-01
9.905200004577636719e-01
9.908199906349182129e-01
9.908000230789184570e-01
9.910200238227844238e-01
9.912199974060058594e-01
9.911599755287170410e-01
9.912999868392944336e-01
9.913799762725830078e-01
9.914199709892272949e-01
9.915400147438049316e-01
9.915199875831604004e-01
9.916800260543823242e-01
9.917600154876708984e-01
9.918599724769592285e-01
9.918400049209594727e-01
9.919800162315368652e-01
9.921000003814697266e-01
9.921799898147583008e-01
9.922199845314025879e-01
9.923400282859802246e-01
9.923599958419799805e-01
9.924200177192687988e-01
9.924799799919128418e-01
9.924799799919128418e-01
9.925799965858459473e-01
9.925600290298461914e-01
9.926199913024902344e-01
9.927200078964233398e-01
9.927800297737121582e-01
9.927999973297119141e-01
9.928399920463562012e-01
9.929199814796447754e-01
9.929999709129333496e-01
9.930199980735778809e-01
9.929800033569335938e-01
9.930999875068664551e-01
9.931600093841552734e-01
9.931799769401550293e-01
9.931799769401550293e-01
9.932000041007995605e-01
9.932199716567993164e-01
9.932600259780883789e-01
9.933400154113769531e-01
9.933800101280212402e-01
9.934200048446655273e-01
9.934599995613098145e-01
9.934800267219543457e-01
9.935200214385986328e-01
9.934999942779541016e-01
9.935200214385986328e-01
9.935600161552429199e-01
9.935799837112426758e-01
9.936199784278869629e-01
9.936199784278869629e-01
9.936400055885314941e-01
9.936800003051757812e-01
9.937000274658203125e-01
