1.898113250732421875e+00
1.766108751296997070e+00
1.726432919502258301e+00
1.715772151947021484e+00
1.711318492889404297e+00
1.664442539215087891e+00
1.649993300437927246e+00
1.642210602760314941e+00
1.638401269912719727e+00
1.635467290878295898e+00
1.633082151412963867e+00
1.631112217903137207e+00
1.629305601119995117e+00
1.627275943756103516e+00
1.626232147216796875e+00
1.624878168106079102e+00
1.624147772789001465e+00
1.622923731803894043e+00
1.622051596641540527e+00
1.620555758476257324e+00
1.619464993476867676e+00
1.618772387504577637e+00
1.617559432983398438e+00
1.617251515388488770e+00
1.615801930427551270e+00
1.615278601646423340e+00
1.615030288696289062e+00
1.613999247550964355e+00
1.612995028495788574e+00
1.612788558006286621e+00
1.612657189369201660e+00
1.610923767089843750e+00
1.610344529151916504e+00
1.609989523887634277e+00
1.609024643898010254e+00
1.608383297920227051e+00
1.608268857002258301e+00
1.607314348220825195e+00
1.606557130813598633e+00
1.605928778648376465e+00
1.605527639389038086e+00
1.605114340782165527e+00
1.604743719100952148e+00
1.604104042053222656e+00
1.603564858436584473e+00
1.602937221527099609e+00
1.602408885955810547e+00
1.602482199668884277e+00
1.601865053176879883e+00
1.601216554641723633e+00
1.601200342178344727e+00
1.600378394126892090e+00
1.599655032157897949e+00
1.599378466606140137e+00
1.598897814750671387e+00
1.598925352096557617e+00
1.597863078117370605e+00
1.597520589828491211e+00
1.597460627555847168e+00
1.596586227416992188e+00
1.596547245979309082e+00
1.596178770065307617e+00
1.595655322074890137e+00
1.595839977264404297e+00
1.595096230506896973e+00
1.594351530075073242e+00
1.594235658645629883e+00
1.593648433685302734e+00
1.593351125717163086e+00
1.593004584312438965e+00
1.592686533927917480e+00
1.592509031295776367e+00
1.592042088508605957e+00
1.591660141944885254e+00
1.591443419456481934e+00
1.591270327568054199e+00
1.590824842453002930e+00
1.590512514114379883e+00
1.590199351310729980e+00
1.589852690696716309e+00
1.589524745941162109e+00
1.589449405670166016e+00
1.589008808135986328e+00
1.588720917701721191e+00
1.588426351547241211e+00
1.588323593139648438e+00
1.587926506996154785e+00
1.587714672088623047e+00
1.587562322616577148e+00
1.587395668029785156e+00
1.587098240852355957e+00
1.586770057678222656e+00
1.586603760719299316e+00
1.586480259895324707e+00
1.586385011672973633e+00
1.586037755012512207e+00
1.585676908493041992e+00
1.585478067398071289e+00
1.585288405418395996e+00
1.584939718246459961e+00
