1.579789638519287109e+00
1.559690475463867188e+00
1.550142765045166016e+00
1.542237639427185059e+00
1.538056731224060059e+00
1.532300949096679688e+00
1.528316259384155273e+00
1.526199698448181152e+00
1.522456884384155273e+00
1.518692851066589355e+00
1.515925526618957520e+00
1.515512228012084961e+00
1.511623144149780273e+00
1.509235024452209473e+00
1.508023738861083984e+00
1.505388021469116211e+00
1.503809690475463867e+00
1.502110958099365234e+00
1.500572919845581055e+00
1.500190019607543945e+00
1.497720003128051758e+00
1.496684432029724121e+00
1.495900630950927734e+00
1.494583129882812500e+00
1.494073390960693359e+00
1.492311358451843262e+00
1.491852760314941406e+00
1.490825057029724121e+00
1.489641308784484863e+00
1.489393234252929688e+00
1.488556265830993652e+00
1.488010883331298828e+00
1.487004637718200684e+00
1.486654996871948242e+00
1.485794186592102051e+00
1.485109210014343262e+00
1.484590649604797363e+00
1.484109640121459961e+00
1.483459711074829102e+00
1.483232140541076660e+00
1.482713699340820312e+00
1.482039570808410645e+00
1.481418490409851074e+00
1.481115937232971191e+00
1.480652451515197754e+00
1.480293750762939453e+00
1.479792237281799316e+00
1.479472160339355469e+00
1.479086995124816895e+00
1.478880167007446289e+00
1.478570580482482910e+00
1.478103399276733398e+00
1.477904677391052246e+00
1.477520585060119629e+00
1.477383732795715332e+00
1.477014422416687012e+00
1.476863145828247070e+00
1.476534485816955566e+00
1.476404666900634766e+00
1.476155757904052734e+00
1.476023077964782715e+00
1.475757479667663574e+00
1.475564718246459961e+00
1.475531697273254395e+00
1.475262641906738281e+00
1.475153088569641113e+00
1.474939584732055664e+00
1.474743485450744629e+00
1.474567055702209473e+00
1.474447131156921387e+00
1.474398612976074219e+00
1.474054098129272461e+00
1.473980307579040527e+00
1.473831415176391602e+00
1.473657011985778809e+00
1.473665952682495117e+00
1.473419666290283203e+00
1.473392963409423828e+00
1.473182201385498047e+00
1.473107337951660156e+00
1.472980499267578125e+00
1.472917795181274414e+00
1.472757697105407715e+00
1.472626209259033203e+00
1.472495913505554199e+00
1.472453474998474121e+00
1.472329735755920410e+00
1.472248554229736328e+00
1.472189188003540039e+00
1.472052454948425293e+00
1.471969366073608398e+00
1.471828579902648926e+00
1.471726059913635254e+00
1.471648573875427246e+00
1.471579432487487793e+00
1.471595168113708496e+00
1.471453070640563965e+00
1.471325635910034180e+00
1.471204400062561035e+00
1.471182823181152344e+00
