9.032599925994873047e-01
9.150599837303161621e-01
9.223600029945373535e-01
9.282600283622741699e-01
9.317799806594848633e-01
9.365400075912475586e-01
9.401400089263916016e-01
9.425600171089172363e-01
9.451799988746643066e-01
9.488800168037414551e-01
9.515600204467773438e-01
9.523000121116638184e-01
9.552400112152099609e-01
9.576799869537353516e-01
9.590399861335754395e-01
9.612200260162353516e-01
9.622399806976318359e-01
9.640600085258483887e-01
9.656800031661987305e-01
9.663599729537963867e-01
9.682000279426574707e-01
9.697200059890747070e-01
9.702600240707397461e-01
9.715999960899353027e-01
9.720399975776672363e-01
9.738399982452392578e-01
9.739599823951721191e-01
9.750000238418579102e-01
9.761599898338317871e-01
9.761800169944763184e-01
9.766799807548522949e-01
9.772999882698059082e-01
9.779400229454040527e-01
9.786000251770019531e-01
9.790199995040893555e-01
9.798799753189086914e-01
9.803799986839294434e-01
9.807000160217285156e-01
9.811599850654602051e-01
9.814400076866149902e-01
9.819200038909912109e-01
9.822999835014343262e-01
9.828799962997436523e-01
9.832800030708312988e-01
9.835799932479858398e-01
9.840199947357177734e-01
9.843199849128723145e-01
9.847400188446044922e-01
9.849200248718261719e-01
9.853000044822692871e-01
9.855200052261352539e-01
9.858000278472900391e-01
9.861400127410888672e-01
9.863600134849548340e-01
9.864799976348876953e-01
9.865599870681762695e-01
9.867600202560424805e-01
9.869199991226196289e-01
9.871000051498413086e-01
9.872000217437744141e-01
9.873600006103515625e-01
9.875000119209289551e-01
9.875800013542175293e-01
9.877399802207946777e-01
9.879199862480163574e-01
9.880599975585937500e-01
9.880599975585937500e-01
9.882000088691711426e-01
9.883599877357482910e-01
9.885200262069702148e-01
9.886599779129028320e-01
9.888600111007690430e-01
9.889400005340576172e-01
9.890599846839904785e-01
9.891399741172790527e-01
9.891800284385681152e-01
9.892600178718566895e-01
9.894000291824340820e-01
9.895399808883666992e-01
9.896000027656555176e-01
9.896399974822998047e-01
9.896600246429443359e-01
9.898399710655212402e-01
9.898399710655212402e-01
9.900000095367431641e-01
9.899600148200988770e-01
9.900599718093872070e-01
9.901999831199645996e-01
9.902200102806091309e-01
9.903600215911865234e-01
9.904000163078308105e-01
9.905200004577636719e-01
9.905800223350524902e-01
9.905999898910522461e-01
9.906200170516967773e-01
9.906600117683410645e-01
9.908000230789184570e-01
9.908800125122070312e-01
9.909800291061401367e-01
9.910399913787841797e-01
