8.424199819564819336e-01
8.565400242805480957e-01
8.633999824523925781e-01
8.753399848937988281e-01
9.516199827194213867e-01
9.617000222206115723e-01
9.676799774169921875e-01
9.712200164794921875e-01
9.745399951934814453e-01
9.793800115585327148e-01
9.796800017356872559e-01
9.823200106620788574e-01
9.841799736022949219e-01
9.855599999427795410e-01
9.862400293350219727e-01
9.874799847602844238e-01
9.878000020980834961e-01
9.889199733734130859e-01
9.894400238990783691e-01
9.894599914550781250e-01
9.900599718093872070e-01
9.909999966621398926e-01
9.904800057411193848e-01
9.915000200271606445e-01
9.917399883270263672e-01
9.919199943542480469e-01
9.923200011253356934e-01
9.925000071525573730e-01
9.926199913024902344e-01
9.927200078964233398e-01
9.928799867630004883e-01
9.929999709129333496e-01
9.931399822235107422e-01
9.932399988174438477e-01
9.933199882507324219e-01
9.934599995613098145e-01
9.936199784278869629e-01
9.937400221824645996e-01
9.937599897384643555e-01
9.938200116157531738e-01
9.939399957656860352e-01
9.939799904823303223e-01
9.940800070762634277e-01
9.941400289535522461e-01
9.941999912261962891e-01
9.942799806594848633e-01
9.943400025367736816e-01
9.943799972534179688e-01
9.944199919700622559e-01
9.944599866867065430e-01
9.944800138473510742e-01
9.945200085639953613e-01
9.945200085639953613e-01
9.945799708366394043e-01
9.945999979972839355e-01
9.946200251579284668e-01
9.946399927139282227e-01
9.947000145912170410e-01
9.947000145912170410e-01
9.947599768638610840e-01
9.947599768638610840e-01
9.947800040245056152e-01
9.947800040245056152e-01
9.947999715805053711e-01
9.948199987411499023e-01
9.948199987411499023e-01
9.948199987411499023e-01
9.948199987411499023e-01
9.948199987411499023e-01
9.948599934577941895e-01
9.948800206184387207e-01
9.948800206184387207e-01
9.948800206184387207e-01
9.948800206184387207e-01
9.948999881744384766e-01
9.949399828910827637e-01
9.949399828910827637e-01
9.949399828910827637e-01
9.949399828910827637e-01
9.949600100517272949e-01
9.949399828910827637e-01
9.949799776077270508e-01
9.949799776077270508e-01
9.950000047683715820e-01
9.950000047683715820e-01
9.950000047683715820e-01
9.950199723243713379e-01
9.950399994850158691e-01
9.950399994850158691e-01
9.950600266456604004e-01
9.950600266456604004e-01
9.950600266456604004e-01
9.950600266456604004e-01
9.950600266456604004e-01
9.950799942016601562e-01
9.951000213623046875e-01
9.951000213623046875e-01
9.951000213623046875e-01
9.951000213623046875e-01
9.951000213623046875e-01
