1.625430107116699219e+00
1.607562780380249023e+00
1.600097537040710449e+00
1.587234377861022949e+00
1.513955473899841309e+00
1.504436612129211426e+00
1.496660351753234863e+00
1.492965340614318848e+00
1.489468097686767578e+00
1.484180927276611328e+00
1.483760952949523926e+00
1.480720996856689453e+00
1.478876590728759766e+00
1.477431893348693848e+00
1.476530194282531738e+00
1.475141882896423340e+00
1.474628806114196777e+00
1.473550200462341309e+00
1.473057985305786133e+00
1.473093748092651367e+00
1.472468256950378418e+00
1.470885992050170898e+00
1.471756219863891602e+00
1.470346689224243164e+00
1.470251560211181641e+00
1.469721913337707520e+00
1.469488263130187988e+00
1.469094038009643555e+00
1.468851089477539062e+00
1.468675255775451660e+00
1.468539357185363770e+00
1.468413591384887695e+00
1.468260526657104492e+00
1.468076705932617188e+00
1.467987656593322754e+00
1.467843651771545410e+00
1.467700004577636719e+00
1.467571616172790527e+00
1.467538118362426758e+00
1.467418789863586426e+00
1.467318177223205566e+00
1.467334389686584473e+00
1.467123150825500488e+00
1.467074394226074219e+00
1.467015266418457031e+00
1.466974020004272461e+00
1.466875910758972168e+00
1.466804385185241699e+00
1.466804981231689453e+00
1.466727137565612793e+00
1.466666460037231445e+00
1.466623544692993164e+00
1.466606378555297852e+00
1.466585278511047363e+00
1.466538548469543457e+00
1.466517806053161621e+00
1.466472148895263672e+00
1.466437816619873047e+00
1.466422557830810547e+00
1.466433167457580566e+00
1.466353416442871094e+00
1.466321825981140137e+00
1.466312766075134277e+00
1.466295003890991211e+00
1.466277241706848145e+00
1.466269731521606445e+00
1.466263294219970703e+00
1.466258287429809570e+00
1.466252803802490234e+00
1.466239213943481445e+00
1.466217517852783203e+00
1.466206192970275879e+00
1.466194391250610352e+00
1.466178536415100098e+00
1.466277837753295898e+00
1.466145992279052734e+00
1.466132640838623047e+00
1.466130256652832031e+00
1.466127157211303711e+00
1.466127753257751465e+00
1.466118693351745605e+00
1.466091871261596680e+00
1.466106295585632324e+00
1.466091990470886230e+00
1.466066718101501465e+00
1.466059207916259766e+00
1.466046452522277832e+00
1.466038584709167480e+00
1.466025948524475098e+00
1.466007471084594727e+00
1.465997457504272461e+00
1.465995669364929199e+00
1.465992212295532227e+00
1.465987801551818848e+00
1.465975284576416016e+00
1.465969800949096680e+00
1.465953469276428223e+00
1.465949654579162598e+00
1.465952754020690918e+00
1.465941548347473145e+00
