4.725199937820434570e-01
4.817599952220916748e-01
6.019200086593627930e-01
6.416199803352355957e-01
7.312800288200378418e-01
7.425799965858459473e-01
7.465999722480773926e-01
7.502400279045104980e-01
7.520599961280822754e-01
7.544000148773193359e-01
7.558400034904479980e-01
7.574200034141540527e-01
7.581400275230407715e-01
7.594799995422363281e-01
7.598000168800354004e-01
7.599400281906127930e-01
7.777600288391113281e-01
8.150200247764587402e-01
8.224200010299682617e-01
8.255400061607360840e-01
8.277000188827514648e-01
8.285199999809265137e-01
8.301600217819213867e-01
8.317999839782714844e-01
8.327800035476684570e-01
8.323000073432922363e-01
8.342199921607971191e-01
8.344200253486633301e-01
8.349999785423278809e-01
8.360000252723693848e-01
8.359000086784362793e-01
8.366199731826782227e-01
8.373200297355651855e-01
8.376399874687194824e-01
8.386999964714050293e-01
8.390600085258483887e-01
8.394399881362915039e-01
8.400599956512451172e-01
8.404600024223327637e-01
8.409399986267089844e-01
8.411599993705749512e-01
8.409399986267089844e-01
8.417400121688842773e-01
8.419600129127502441e-01
8.425199985504150391e-01
8.425999879837036133e-01
8.427600264549255371e-01
8.426399827003479004e-01
8.435199856758117676e-01
8.437600135803222656e-01
8.443199992179870605e-01
8.446599841117858887e-01
8.447999954223632812e-01
8.452399969100952148e-01
8.454599976539611816e-01
8.457800149917602539e-01
8.455200195312500000e-01
8.460999727249145508e-01
8.459399938583374023e-01
8.467400074005126953e-01
8.468199968338012695e-01
8.476600050926208496e-01
8.472999930381774902e-01
8.478199839591979980e-01
8.481600284576416016e-01
8.481400012969970703e-01
8.484799861907958984e-01
8.488600254058837891e-01
8.489599823951721191e-01
8.493999838829040527e-01
8.490800261497497559e-01
8.495799899101257324e-01
8.496800065040588379e-01
8.497800230979919434e-01
8.502399921417236328e-01
8.505799770355224609e-01
8.509399890899658203e-01
8.511199951171875000e-01
8.511000275611877441e-01
8.513799905776977539e-01
8.517199754714965820e-01
8.518199920654296875e-01
8.519600033760070801e-01
8.523200154304504395e-01
8.525199890136718750e-01
8.526800274848937988e-01
8.527799844741821289e-01
8.530799746513366699e-01
8.529599905014038086e-01
8.535199761390686035e-01
8.540199995040893555e-01
8.537799715995788574e-01
8.540400266647338867e-01
8.541600108146667480e-01
8.540599942207336426e-01
8.546199798583984375e-01
8.546000123023986816e-01
8.551599979400634766e-01
8.552799820899963379e-01
8.553799986839294434e-01
