6.457800269126892090e-01
7.479400038719177246e-01
7.559199929237365723e-01
7.774599790573120117e-01
8.230400085449218750e-01
8.295599818229675293e-01
8.316599726676940918e-01
8.359199762344360352e-01
8.375999927520751953e-01
8.388800024986267090e-01
8.401799798011779785e-01
8.416799902915954590e-01
8.420600295066833496e-01
8.441600203514099121e-01
8.452200293540954590e-01
8.461400270462036133e-01
8.467199802398681641e-01
8.477799892425537109e-01
8.486199975013732910e-01
8.501200079917907715e-01
8.511000275611877441e-01
8.515599966049194336e-01
8.527799844741821289e-01
8.534799814224243164e-01
8.545600175857543945e-01
8.554199934005737305e-01
8.550599813461303711e-01
8.567600250244140625e-01
8.575999736785888672e-01
8.578000068664550781e-01
8.578799962997436523e-01
8.593599796295166016e-01
8.597800135612487793e-01
8.604000210762023926e-01
8.614000082015991211e-01
8.622999787330627441e-01
8.626800179481506348e-01
8.633199930191040039e-01
8.638799786567687988e-01
8.645200133323669434e-01
8.644999861717224121e-01
8.652799725532531738e-01
8.662199974060058594e-01
8.662599921226501465e-01
8.673400282859802246e-01
8.675400018692016602e-01
8.680400252342224121e-01
8.680199980735778809e-01
8.684800267219543457e-01
8.689000010490417480e-01
8.695399761199951172e-01
8.702600002288818359e-01
8.708199858665466309e-01
8.711799979209899902e-01
8.713799715042114258e-01
8.712199926376342773e-01
8.720800280570983887e-01
8.727399706840515137e-01
8.723999857902526855e-01
8.734599947929382324e-01
8.738399744033813477e-01
8.738200068473815918e-01
8.743199706077575684e-01
8.742200136184692383e-01
8.747000098228454590e-01
8.755199909210205078e-01
8.756800293922424316e-01
8.760200142860412598e-01
8.759999871253967285e-01
8.767799735069274902e-01
8.768399953842163086e-01
8.772400021553039551e-01
8.774799704551696777e-01
8.778200149536132812e-01
8.777599930763244629e-01
8.784000277519226074e-01
8.782600164413452148e-01
8.787599802017211914e-01
8.787199854850769043e-01
8.790799975395202637e-01
8.794000148773193359e-01
8.795199990272521973e-01
8.797199726104736328e-01
8.799800276756286621e-01
8.800600171089172363e-01
8.802400231361389160e-01
8.804200291633605957e-01
8.806599974632263184e-01
8.808599710464477539e-01
8.810999989509582520e-01
8.813400268554687500e-01
8.815400004386901855e-01
8.811799883842468262e-01
8.819400072097778320e-01
8.820599913597106934e-01
8.819800019264221191e-01
8.823599815368652344e-01
8.825799822807312012e-01
8.825399875640869141e-01
8.830199837684631348e-01
