6.269599795341491699e-01
7.371600270271301270e-01
7.518399953842163086e-01
7.560200095176696777e-01
7.575600147247314453e-01
8.163999915122985840e-01
8.259599804878234863e-01
8.317999839782714844e-01
8.331000208854675293e-01
8.349400162696838379e-01
8.361399769783020020e-01
8.379600048065185547e-01
8.388199806213378906e-01
8.402799963951110840e-01
8.416000008583068848e-01
8.419600129127502441e-01
8.428000211715698242e-01
8.436999917030334473e-01
8.445199728012084961e-01
8.459399938583374023e-01
8.463600277900695801e-01
8.469600081443786621e-01
8.477200269699096680e-01
8.485000133514404297e-01
8.499400019645690918e-01
8.506399989128112793e-01
8.503800034523010254e-01
8.511599898338317871e-01
8.523600101470947266e-01
8.521800041198730469e-01
8.528400063514709473e-01
8.542799949645996094e-01
8.546599745750427246e-01
8.551800251007080078e-01
8.558200001716613770e-01
8.564000129699707031e-01
8.568000197410583496e-01
8.575999736785888672e-01
8.580600023269653320e-01
8.587599992752075195e-01
8.593000173568725586e-01
8.594599962234497070e-01
8.600000143051147461e-01
8.601999878883361816e-01
8.606200218200683594e-01
8.615599870681762695e-01
8.619999885559082031e-01
8.620600104331970215e-01
8.623800277709960938e-01
8.635200262069702148e-01
8.630200028419494629e-01
8.640000224113464355e-01
8.645399808883666992e-01
8.650000095367431641e-01
8.651199936866760254e-01
8.651800155639648438e-01
8.663600087165832520e-01
8.667600154876708984e-01
8.663399815559387207e-01
8.675400018692016602e-01
8.677600026130676270e-01
8.678399920463562012e-01
8.681399822235107422e-01
8.677800297737121582e-01
8.688399791717529297e-01
8.693199753761291504e-01
8.699600100517272949e-01
8.702999949455261230e-01
8.702600002288818359e-01
8.710600137710571289e-01
8.711000084877014160e-01
8.714399933815002441e-01
8.716999888420104980e-01
8.722599744796752930e-01
8.721600174903869629e-01
8.723999857902526855e-01
8.726400136947631836e-01
8.731200098991394043e-01
8.733599781990051270e-01
8.735799789428710938e-01
8.738999962806701660e-01
8.743600249290466309e-01
8.745999932289123535e-01
8.745999932289123535e-01
8.750600218772888184e-01
8.751400113105773926e-01
8.755599856376647949e-01
8.754400014877319336e-01
8.755999803543090820e-01
8.758199810981750488e-01
8.761399984359741211e-01
8.766000270843505859e-01
8.765400052070617676e-01
8.767399787902832031e-01
8.771200180053710938e-01
8.771399855613708496e-01
8.775200247764587402e-01
8.779000043869018555e-01
8.782399892807006836e-01
8.782399892807006836e-01
