4.839999973773956299e-01
6.440600156784057617e-01
7.406600117683410645e-01
7.483400106430053711e-01
7.523000240325927734e-01
7.567800283432006836e-01
7.592800259590148926e-01
7.804800271987915039e-01
8.205199837684631348e-01
8.253600001335144043e-01
8.277599811553955078e-01
8.313800096511840820e-01
8.330600261688232422e-01
8.343600034713745117e-01
8.357200026512145996e-01
8.367199897766113281e-01
8.375999927520751953e-01
8.383200168609619141e-01
8.391000032424926758e-01
8.401600122451782227e-01
8.409000039100646973e-01
8.417000174522399902e-01
8.422399759292602539e-01
8.425999879837036133e-01
8.441799879074096680e-01
8.441200256347656250e-01
8.440399765968322754e-01
8.445799946784973145e-01
8.461999893188476562e-01
8.454200029373168945e-01
8.469200134277343750e-01
8.478000164031982422e-01
8.482199907302856445e-01
8.483200073242187500e-01
8.492599725723266602e-01
8.494600057601928711e-01
8.496999740600585938e-01
8.505200147628784180e-01
8.508800268173217773e-01
8.512799739837646484e-01
8.519799709320068359e-01
8.518000245094299316e-01
8.525199890136718750e-01
8.526600003242492676e-01
8.530799746513366699e-01
8.535799980163574219e-01
8.539000153541564941e-01
8.540800213813781738e-01
8.547000288963317871e-01
8.548200130462646484e-01
8.552200198173522949e-01
8.555999994277954102e-01
8.557999730110168457e-01
8.564599752426147461e-01
8.567199707031250000e-01
8.570200204849243164e-01
8.576599955558776855e-01
8.579800128936767578e-01
8.582599759101867676e-01
8.586599826812744141e-01
8.583599925041198730e-01
8.594800233840942383e-01
8.595399856567382812e-01
8.594999909400939941e-01
8.600400090217590332e-01
8.606799840927124023e-01
8.608599901199340820e-01
8.615999817848205566e-01
8.614599704742431641e-01
8.621399998664855957e-01
8.623600006103515625e-01
8.625400066375732422e-01
8.626199960708618164e-01
8.630999922752380371e-01
8.638200163841247559e-01
8.640400171279907227e-01
8.641399741172790527e-01
8.647400140762329102e-01
8.646000027656555176e-01
8.649200201034545898e-01
8.655400276184082031e-01
8.655400276184082031e-01
8.656200170516967773e-01
8.661400079727172852e-01
8.666399717330932617e-01
8.667200207710266113e-01
8.669800162315368652e-01
8.673400282859802246e-01
8.673200011253356934e-01
8.673400282859802246e-01
8.679400086402893066e-01
8.683599829673767090e-01
8.685200214385986328e-01
8.685200214385986328e-01
8.685399889945983887e-01
8.691200017929077148e-01
8.693199753761291504e-01
8.698800206184387207e-01
8.698400259017944336e-01
8.701400160789489746e-01
