1.993469119071960449e+00
1.853267550468444824e+00
1.762806534767150879e+00
1.731815457344055176e+00
1.722797513008117676e+00
1.715892553329467773e+00
1.710902452468872070e+00
1.698572516441345215e+00
1.662255167961120605e+00
1.652782797813415527e+00
1.646871566772460938e+00
1.642404079437255859e+00
1.639428496360778809e+00
1.636953711509704590e+00
1.635061979293823242e+00
1.633210301399230957e+00
1.632018446922302246e+00
1.630744099617004395e+00
1.629576086997985840e+00
1.628129005432128906e+00
1.627127170562744141e+00
1.626198649406433105e+00
1.625124096870422363e+00
1.624729514122009277e+00
1.623358964920043945e+00
1.623069643974304199e+00
1.622476577758789062e+00
1.621789574623107910e+00
1.620802164077758789e+00
1.620357036590576172e+00
1.619952797889709473e+00
1.618796825408935547e+00
1.618211746215820312e+00
1.617915272712707520e+00
1.617163896560668945e+00
1.616630673408508301e+00
1.616235613822937012e+00
1.615432500839233398e+00
1.614856243133544922e+00
1.614352226257324219e+00
1.613819837570190430e+00
1.613697528839111328e+00
1.613356828689575195e+00
1.612702846527099609e+00
1.612070679664611816e+00
1.611672759056091309e+00
1.611265897750854492e+00
1.611366868019104004e+00
1.610410332679748535e+00
1.610354185104370117e+00
1.609753727912902832e+00
1.609270334243774414e+00
1.608752489089965820e+00
1.608242630958557129e+00
1.608122467994689941e+00
1.607705354690551758e+00
1.607113122940063477e+00
1.606931924819946289e+00
1.606376051902770996e+00
1.605843544006347656e+00
1.606035590171813965e+00
1.605246901512145996e+00
1.604919672012329102e+00
1.605037212371826172e+00
1.604429006576538086e+00
1.603769063949584961e+00
1.603535413742065430e+00
1.602975368499755859e+00
1.602950930595397949e+00
1.602438092231750488e+00
1.602074742317199707e+00
1.601903080940246582e+00
1.601586818695068359e+00
1.601152062416076660e+00
1.600803732872009277e+00
1.600571513175964355e+00
1.600108623504638672e+00
1.599925518035888672e+00
1.599523425102233887e+00
1.599192142486572266e+00
1.598805904388427734e+00
1.598823904991149902e+00
1.598450660705566406e+00
1.597961902618408203e+00
1.597658395767211914e+00
1.597406864166259766e+00
1.597079396247863770e+00
1.596830964088439941e+00
1.596732020378112793e+00
1.596466898918151855e+00
1.596231102943420410e+00
1.595828890800476074e+00
1.595571279525756836e+00
1.595623254776000977e+00
1.595500349998474121e+00
1.594971895217895508e+00
1.594695448875427246e+00
1.594320654869079590e+00
1.594125032424926758e+00
1.593952775001525879e+00
