2.044692754745483398e+00
1.993289351463317871e+00
1.938637137413024902e+00
1.856351852416992188e+00
1.783556222915649414e+00
1.750306606292724609e+00
1.737037777900695801e+00
1.729382514953613281e+00
1.724251866340637207e+00
1.720382452011108398e+00
1.717180728912353516e+00
1.714636564254760742e+00
1.712625145912170410e+00
1.710822463035583496e+00
1.709241867065429688e+00
1.707848072052001953e+00
1.698638796806335449e+00
1.671519041061401367e+00
1.660576224327087402e+00
1.654876589775085449e+00
1.650690436363220215e+00
1.647938132286071777e+00
1.645359992980957031e+00
1.643396973609924316e+00
1.641168951988220215e+00
1.640331983566284180e+00
1.638684034347534180e+00
1.637567520141601562e+00
1.636175632476806641e+00
1.635125994682312012e+00
1.634392023086547852e+00
1.633416533470153809e+00
1.632528424263000488e+00
1.632003784179687500e+00
1.631060004234313965e+00
1.630455970764160156e+00
1.629781246185302734e+00
1.629151105880737305e+00
1.628700494766235352e+00
1.628010511398315430e+00
1.627470493316650391e+00
1.627249717712402344e+00
1.626777172088623047e+00
1.626104474067687988e+00
1.625696897506713867e+00
1.625340938568115234e+00
1.624785304069519043e+00
1.624641418457031250e+00
1.623969674110412598e+00
1.623683691024780273e+00
1.623275637626647949e+00
1.622791528701782227e+00
1.622385978698730469e+00
1.622060894966125488e+00
1.621620893478393555e+00
1.621434569358825684e+00
1.620981931686401367e+00
1.620840668678283691e+00
1.620471835136413574e+00
1.620051383972167969e+00
1.619652152061462402e+00
1.619345784187316895e+00
1.619097828865051270e+00
1.618771195411682129e+00
1.618400573730468750e+00
1.618183135986328125e+00
1.617892622947692871e+00
1.617525339126586914e+00
1.617350578308105469e+00
1.616916537284851074e+00
1.616762161254882812e+00
1.616500139236450195e+00
1.616296291351318359e+00
1.615918755531311035e+00
1.615661859512329102e+00
1.615585446357727051e+00
1.615051865577697754e+00
1.614884018898010254e+00
1.614570975303649902e+00
1.614297509193420410e+00
1.614032983779907227e+00
1.613862156867980957e+00
1.613544344902038574e+00
1.613264560699462891e+00
1.613175749778747559e+00
1.612762451171875000e+00
1.612580657005310059e+00
1.612419366836547852e+00
1.612182021141052246e+00
1.611850619316101074e+00
1.611804962158203125e+00
1.611501574516296387e+00
1.611184239387512207e+00
1.610976576805114746e+00
1.610866308212280273e+00
1.610725164413452148e+00
1.610417246818542480e+00
1.610141873359680176e+00
1.609854340553283691e+00
1.609730482101440430e+00
