1.849165320396423340e+00
1.733025312423706055e+00
1.716013073921203613e+00
1.698161602020263672e+00
1.654549956321716309e+00
1.644472479820251465e+00
1.638791203498840332e+00
1.633858084678649902e+00
1.631273746490478516e+00
1.629074692726135254e+00
1.626879334449768066e+00
1.625324726104736328e+00
1.624139070510864258e+00
1.621917486190795898e+00
1.621055006980895996e+00
1.619597077369689941e+00
1.618897676467895508e+00
1.617727041244506836e+00
1.616769075393676758e+00
1.615406513214111328e+00
1.614001274108886719e+00
1.613324999809265137e+00
1.612062215805053711e+00
1.611432194709777832e+00
1.610093712806701660e+00
1.609377622604370117e+00
1.609430193901062012e+00
1.607973933219909668e+00
1.607158422470092773e+00
1.606977462768554688e+00
1.606669664382934570e+00
1.604936122894287109e+00
1.604612946510314941e+00
1.603865027427673340e+00
1.602849006652832031e+00
1.601919412612915039e+00
1.601719021797180176e+00
1.600955605506896973e+00
1.600226759910583496e+00
1.599434375762939453e+00
1.599256277084350586e+00
1.598599791526794434e+00
1.597866296768188477e+00
1.597416400909423828e+00
1.596972703933715820e+00
1.596531987190246582e+00
1.595785140991210938e+00
1.595781683921813965e+00
1.595292687416076660e+00
1.594812989234924316e+00
1.594231843948364258e+00
1.593413949012756348e+00
1.592902064323425293e+00
1.592777490615844727e+00
1.592188477516174316e+00
1.592455267906188965e+00
1.591314673423767090e+00
1.590840578079223633e+00
1.591130614280700684e+00
1.589911818504333496e+00
1.589705824851989746e+00
1.589689016342163086e+00
1.589079976081848145e+00
1.589182615280151367e+00
1.588417172431945801e+00
1.587786197662353516e+00
1.587601423263549805e+00
1.587170004844665527e+00
1.587005972862243652e+00
1.586532831192016602e+00
1.586242198944091797e+00
1.586107134819030762e+00
1.585785269737243652e+00
1.585325002670288086e+00
1.585075259208679199e+00
1.584890961647033691e+00
1.584715366363525391e+00
1.584203720092773438e+00
1.584208726882934570e+00
1.583768606185913086e+00
1.583476901054382324e+00
1.583282351493835449e+00
1.582939267158508301e+00
1.582752466201782227e+00
1.582519054412841797e+00
1.582371354103088379e+00
1.582106113433837891e+00
1.581802487373352051e+00
1.581748723983764648e+00
1.581491351127624512e+00
1.581375360488891602e+00
1.581132769584655762e+00
1.581160187721252441e+00
1.580800652503967285e+00
1.580511450767517090e+00
1.580389976501464844e+00
1.580037713050842285e+00
1.579908490180969238e+00
1.579794883728027344e+00
1.579452753067016602e+00
